0123456 1234560 2345601 3456012 4560123 5601234 6012345
0123456 1234605 2346510 3465021 4650132 5012364 6501243
0123456 1235640 2354061 3546102 4601325 5460213 6012534
0123456 1235064 2356140 3564201 4012635 5640312 6401523
0123456 1236504 2364015 3645120 4501362 5012643 6450231
0123456 1236045 2365104 3654210 4012563 5401632 6540321
0123456 1245360 2436501 3561024 4350612 5602143 6014235
0123456 1246305 2435610 3651042 4360521 5014263 6502134
0123456 1246530 2450361 3604125 4531602 5362014 6015243
0123456 1240563 2451630 3016245 4562301 5634012 6305124
0123456 1245603 2460315 3504162 4631520 5016234 6352041
0123456 1240635 2461503 3015264 4652310 5306142 6534021
0123456 1254630 2536041 3461205 4602513 5340162 6015324
0123456 1256034 2534160 3641502 4015623 5360241 6402315
0123456 1256340 2540631 3605214 4362105 5431062 6014523
0123456 1250643 2541360 3016524 4635102 5462031 6304215
0123456 1254063 2560134 3405612 4016325 5631240 6342501
0123456 1250364 2561043 3014625 4306512 5642130 6435201
0123456 1264503 2635014 3451260 4502631 5016342 6340125
0123456 1265043 2634105 3541620 4016532 5402361 6350214
0123456 1265304 2640513 3506241 4352160 5014632 6431025
0123456 1260534 2641305 3015642 4536120 5304261 6452013
0123456 1264035 2650143 3406521 4015362 5342610 6531204
0123456 1260345 2651034 3014562 4305621 5436210 6542103
0123456 1342560 2465013 3254601 4506132 5610324 6031245
0123456 1342605 2456031 3264510 4605123 5031264 6510342
0123456 1352640 2564103 3245061 4610235 5406312 6031524
0123456 1352064 2546301 3265140 4031625 5604213 6410532
0123456 1362504 2654130 3246015 4510263 5031642 6405321
0123456 1362045 2645310 3256104 4031562 5410623 6504231
0123456 1354260 2516034 3462501 4205613 5630142 6041325
0123456 1364205 2615043 3452610 4206531 5041362 6530124
0123456 1364520 2640135 3405261 4512603 5236014 6051342
0123456 1304562 2061345 3415620 4536201 5642013 6250134
0123456 1354602 2540163 3406215 4612530 5061324 6235041
0123456 1304625 2051364 3416502 4635210 5260143 6542031
0123456 1345620 2416305 3562041 4630512 5204163 6051234
0123456 1365024 2614503 3542160 4051632 5206341 6430215
0123456 1365240 2650314 3504621 4236105 5412063 6041532
0123456 1305642 2061534 3514260 4652103 5436021 6240315
0123456 1345062 2450613 3506124 4061235 5612340 6234501
0123456 1305264 2041635 3516042 4260513 5634120 6452301
0123456 1346502 2415360 3652014 4530621 5061243 6204135
0123456 1356042 2514630 3642105 4061523 5430261 6205314
0123456 1356204 2560341 3604512 4235160 5041623 6412035
0123456 1306524 2051643 3614205 4562130 5240361 6435012
0123456 1346025 2460531 3605142 4051263 5234610 6512304
0123456 1306245 2041563 3615024 4250631 5462310 6534102
0123456 1435260 2360514 3501642 4256301 5614023 6042135
0123456 1436205 2350641 3601524 4265310 5042163 6514032
0123456 1456230 2561304 3612045 4230561 5304612 6045123
0123456 1450263 2534601 3046125 4261530 5602314 6315042
0123456 1465203 2651340 3512064 4230615 5046132 6304521
0123456 1460235 2634510 3045162 4251603 5316024 6502341
0123456 1452360 2510643 3206514 4365201 5641032 6034125
0123456 1462305 2610534 3205641 4356210 5034162 6541023
0123456 1465320 2631045 3516204 4302561 5240613 6054132
0123456 1405362 2064135 3542601 4316520 5630214 6251043
0123456 1456302 2531064 3615240 4302615 5064123 6240531
0123456 1406325 2054163 3642510 4315602 5261034 6530241
0123456 1436520 2314605 3645012 4560231 5201364 6052143
0123456 1460523 2615304 3056142 4531260 5204631 6342015
0123456 1462530 2654013 3241605 4506321 5310264 6035142
0123456 1406532 2065143 3651204 4512360 5340621 6234015
0123456 1430562 2356014 3062145 4501623 5614230 6245301
0123456 1402563 2036145 3265014 4510632 5641320 6354201
0123456 1435602 2314560 3546021 4650213 5062134 6201345
0123456 1450632 2516340 3065124 4631205 5342061 6204513
0123456 1452603 2564031 3241560 4605312 5036124 6310245
0123456 1405623 2056134 3561240 4612305 5234061 6340512
0123456 1430625 2365041 3052164 4601532 5246310 6514203
0123456 1402635 2035164 3256041 4610523 5364210 6541302
0123456 1534620 2360145 3401562 4615203 5246031 6052314
0123456 1536024 2340561 3601245 4052613 5264130 6415302
0123456 1546320 2461035 3612504 4305162 5230641 6054213
0123456 1540623 2435061 3056214 4602135 5261340 6314502
0123456 1564023 2641530 3412605 4056312 5230164 6305241
0123456 1560324 2635140 3054612 4316205 5241063 6402531
0123456 1542630 2410563 3206145 4651302 5364021 6035214
0123456 1562034 2610345 3204561 4035612 5346120 6451203
0123456 1564230 2631504 3416025 4250163 5302641 6045312
0123456 1504632 2065314 3452061 4630125 5316240 6241503
0123456 1546032 2431605 3614520 4065213 5302164 6250341
0123456 1506234 2045613 3652140 4261305 5314062 6430521
0123456 1536240 2315064 3654102 4201635 5460321 6042513
0123456 1560243 2614035 3046512 4205361 5431620 6352104
0123456 1562340 2645103 3251064 4310625 5406231 6034512
0123456 1506342 2064513 3641025 4350261 5412630 6235104
0123456 1530642 2346105 3062514 4615320 5401263 6254031
0123456 1502643 2036514 3264105 4651230 5410362 6345021
0123456 1534062 2315640 3456201 4062315 5640123 6201534
0123456 1540362 2416530 3064215 4352601 5631024 6205143
0123456 1542063 2465301 3251640 4036215 5604132 6310524
0123456 1504263 2046315 3461520 4235601 5612034 6350142
0123456 1530264 2364501 3042615 4256130 5601342 6415023
0123456 1502364 2034615 3246501 4365120 5610243 6451032
0123456 1634502 2350164 3401625 4516230 5062341 6245013
0123456 1635042 2340615 3501264 4062531 5416320 6254103
0123456 1645302 2451063 3512640 4306125 5064231 6230514
0123456 1640532 2436015 3065241 4502163 5314620 6251304
0123456 1654032 2541603 3412560 4065321 5306214 6230145
0123456 1650342 2536104 3064521 4315260 5402613 6241035
0123456 1642503 2410635 3205164 4561320 5036241 6354012
0123456 1652043 2510364 3204615 4036521 5461230 6345102
0123456 1654203 2531640 3415062 4260135 5046321 6302514
0123456 1604523 2056341 3462015 4530162 5241630 6315204
0123456 1645023 2431560 3514602 4056231 5260314 6302145
0123456 1605243 2046531 3562104 4251360 5430612 6314025
0123456 1635204 2316045 3564120 4201563 5042631 6450312
0123456 1650234 2514063 3045621 4206315 5362140 6431502
0123456 1652304 2546130 3261045 4310562 5034621 6405213
0123456 1605324 2054631 3541062 4360215 5236140 6412503
0123456 1630524 2345160 3052641 4516302 5264013 6401235
0123456 1602534 2035641 3254160 4561203 5346012 6410325
0123456 1634025 2316504 3465210 4052361 5201643 6540132
0123456 1640325 2415603 3054261 4362510 5206134 6531042
0123456 1642035 2456310 3261504 4035261 5310642 6504123
0123456 1604235 2045361 3451602 4236510 5360124 6512043
0123456 1630245 2354610 3042561 4265103 5416032 6501324
0123456 1602345 2034561 3245610 4356102 5461023 6510234
0123456 1264530 2530164 3402615 4651203 5346021 6015342
0123456 1204635 2056314 3415260 4362501 5631042 6540123
0123456 1452630 2015364 3264501 4306215 5641023 6530142
0123456 1254603 2540361 3462510 4601235 5316042 6035124
0123456 1462503 2641035 3254610 4305261 5036142 6510324
0123456 1204563 2630145 3452601 4365210 5016324 6541032
0123456 1564203 2016345 3402561 4251630 5630124 6345012
0123456 1542603 2461530 3254061 4036125 5610342 6305214
0123456 1534260 2450631 3602145 4261503 5046312 6315024
0123456 1542360 2451603 3614025 4260531 5036214 6305142
0123456 1540632 2451360 3264015 4612503 5306124 6035241
0123456 1504623 2456301 3065214 4231560 5640132 6312045
0123456 1642530 2031645 3465201 4350162 5206314 6514023
0123456 1640523 2065341 3456210 4231605 5312064 6504132
0123456 1452063 2541630 3615204 4036512 5260341 6304125
0123456 1465023 2536140 3604215 4250361 5041632 6312504
0123456 1604532 2465310 3056241 4312605 5240163 6531024
0123456 1634520 2541063 3012645 4356201 5260134 6405312
0123456 1340562 2435601 3061245 4256310 5604123 6512034
0123456 1340625 2436510 3051264 4265301 5614032 6502143
0123456 1635024 2560143 3416205 4052631 5241360 6304512
0123456 1245063 2530641 3602514 4056132 5461320 6314205
0123456 1364025 2516304 3651240 4035162 5240631 6402513
0123456 1302564 2461305 3654012 4035621 5246130 6510243
0123456 1360524 2546031 3051642 4602315 5234160 6415203
0123456 1652034 2015643 3246510 4560321 5304162 6431205
0123456 1206534 2651043 3045612 4530261 5364120 6412305
0123456 1435062 2561340 3652104 4016235 5204613 6340521
0123456 1346520 2534061 3415602 4260315 5602134 6051243
0123456 1562304 2054613 3615042 4306521 5431260 6240135
0123456 1230564 2645013 3516240 4062135 5304621 6451302
0123456 1536204 2615340 3451062 4360125 5042613 6204531
0123456 1534602 2415063 3641520 4206135 5360214 6052341
0123456 1360245 2514603 3406512 4652130 5231064 6045321
0123456 1246035 2460513 3605124 4051362 5312640 6534201
0123456 1560234 2345610 3054162 4236501 5612043 6401325
0123456 1456032 2310645 3561204 4205163 5642310 6034521
0123456 1506324 2014635 3265041 4631502 5342160 6450213
0123456 1562043 2430615 3245160 4316502 5601324 6054231
0123456 1460325 2641503 3514062 4235610 5306241 6052134
0123456 1462035 2651304 3506142 4315620 5034261 6240513
0123456 1654230 2430561 3516024 4305612 5062143 6241305
0123456 1605342 2046135 3564021 4352610 5410263 6231504
0123456 1634205 2561034 3416520 4052163 5340612 6205341
0123456 1436025 2365140 3614502 4250613 5042361 6501234
0123456 1436502 2640315 3502641 4065123 5314260 6251034
0123456 1435620 2016534 3504261 4650312 5261043 6342105
0123456 1645320 2416035 3201564 4562103 5034612 6350241
0123456 1642305 2365014 3256140 4501263 5430621 6014532
0123456 1205643 2031564 3642015 4516320 5460231 6354102
0123456 1405263 2614530 3250641 4536102 5361024 6042315
0123456 1302645 2650134 3041562 4516203 5264310 6435021
0123456 1345602 2634015 3061524 4506231 5412360 6250143
0123456 1536042 2354160 3245601 4601523 5062314 6410235
0123456 1350642 2514360 3461025 4605213 5236104 6042531
0123456 1652340 2345061 3214605 4506123 5061234 6430512
0123456 1432605 2564130 3046521 4315062 5601243 6250314
0123456 1546302 2364510 3405621 4251063 5610234 6032145
0123456 1065243 2354601 3502164 4610325 5436012 6241530
0123456 1230645 2014563 3645102 4561230 5406321 6352014
0123456 1256304 2045163 3514620 4630215 5362041 6401532
0123456 1406235 2654103 3012564 4365021 5231640 6540312
0123456 1564320 2630514 3201645 4015263 5346102 6452031
0123456 1265340 2356104 3542061 4610532 5401623 6034215
0123456 1450362 2601534 3562140 4236015 5014623 6345201
0123456 1365204 2654310 3042165 4501632 5236041 6410523
0123456 1650243 2346501 3064125 4512630 5401362 6235014
0123456 1405632 2310564 3546120 4652301 5064213 6231045
0123456 1350264 2406315 3541602 4635120 5264031 6012543
0123456 1635240 2501364 3246105 4062513 5410632 6354021
0123456 1036245 2341560 3560124 4615302 5402631 6254013
0123456 1356240 2634501 3041625 4510362 5462013 6205134
0123456 1064523 2635104 3240615 4502361 5416230 6351042
0123456 1045623 2650341 3506214 4312560 5461032 6234105
0123456 1502634 2356041 3410562 4061325 5634210 6245103
0123456 1354062 2061543 3406125 4615230 5230614 6542301
0123456 1205364 2364105 3650241 4516032 5432610 6041523
0123456 1034562 2346015 3265104 4510623 5602341 6451230
0123456 1042563 2614305 3256014 4531620 5360142 6405231
0123456 1342065 2064531 3650214 4215603 5436120 6501342
0123456 1206345 2540613 3654201 4361520 5032164 6415032
0123456 1052643 2436105 3260514 4605321 5341062 6514230
0123456 1235604 2041365 3560241 4652013 5406132 6314520
0123456 1234065 2560314 3605241 4351602 5046123 6412530
0123456 1532064 2056143 3460215 4205631 5614320 6341502
0123456 1062534 2314065 3450612 4635201 5206143 6541320
0123456 1406523 2351064 3610245 4562310 5234601 6045132
0123456 1245630 2064315 3650142 4512063 5436201 6301524
0123456 1605234 2564013 3456102 4012365 5341620 6230541
0123456 1546023 2304561 3260145 4015632 5631204 6452310
0123456 1054632 2401563 3562014 4216305 5630241 6345120
0123456 1465230 2506341 3052614 4210563 5634102 6341025
0123456 1056342 2340165 3205614 4562031 5614203 6431520
0123456 1654302 2306145 3240561 4561023 5012634 6435210
0123456 1062345 2415630 3540162 4206513 5634021 6351204
0123456 1056234 2361045 3214560 4502613 5640321 6435102
0123456 1456203 2341065 3065142 4630521 5214630 6502314
0123456 1065324 2431065 3510642 4256103 5604231 6342510
0123456 1506243 2341605 3215064 4632510 5064321 6450132
0123456 1046325 2305164 3652041 4560213 5431602 6214530
0123456 1305624 2546103 3412065 4650231 5061342 6234510
0123456 1042635 2416503 3250164 4635012 5361240 6504321
0123456 1035642 2506314 3450261 4612035 5264103 6341520
0123456 1034625 2450163 3546012 4602531 5261304 6315240
0123456 1250634 2046513 3405162 4631025 5364201 6512340
0123456 1246503 2654031 3560142 4032615 5301264 6415320
0123456 1064325 2351640 3510264 4605132 5246013 6432501
0123456 1362540 2536014 3450162 4605231 5241603 6014325
0123456 1604325 2316540 3251604 4065231 5430162 6542013
0123456 1064235 2546310 3610524 4235061 5301642 6452103
0123456 1402365 2635041 3560214 4016523 5341602 6254130
0123456 1046532 2410365 3501624 4265013 5634201 6352140
0123456 1036524 2645301 3564210 4351062 5210643 6402135
0123456 1046523 2601345 3452160 4265031 5314602 6530214
0123456 1256043 2564301 3640512 4302165 5031624 6415230
0123456 1035264 2456013 3610542 4301625 5264301 6542130
0123456 1265034 2654301 3542610 4301562 5016243 6430125
0123456 1054263 2640531 3502614 4361025 5416302 6235140
0123456 1052634 2435160 3260541 4316025 5641302 6504213
0123456 1065234 2456103 3241065 4532610 5604321 6310542
0123456 1052364 2534610 3460521 4615032 5246103 6301245
0123456 1264305 2631540 3540621 4356012 5402163 6015234
0123456 1645032 2036541 3512604 4351260 5460123 6204315
0123456 1035624 2360541 3204165 4651032 5416203 6542310
0123456 1306542 2035614 3240165 4652031 5461203 6514320
0123456 1240365 2465031 3601542 4056213 5312604 6534120
0123456 1465302 2016543 3640125 4352061 5201634 6534210
0123456 1042365 2610543 3504612 4256031 5361204 6435120
0123456 1045362 2604531 3410625 4256013 5362104 6531240
0123456 1045632 2430165 3604521 4562013 5316204 6251340
0123456 1204365 2065134 3540612 4632501 5416023 6351240
0123456 1630542 2546013 3015624 4361205 5204361 6452130
0123456 1530624 2465103 3016542 4201365 5642031 6354210
0123456 1260543 2456130 3645021 4031265 5302614 6514302
0123456 1430265 2516043 3642501 4265130 5301624 6054312
0123456 1056243 2564310 3640521 4312065 5231604 6405132
0123456 1254360 2615034 3460125 4506213 5342601 6031542
0123456 1054362 2645031 3462105 4536210 5310624 6201543
0123456 1546203 2014365 3250614 4635021 5462130 6301542
0123456 1205634 2361540 3410265 4056321 5642103 6534012
0123456 1062543 2350614 3401265 4536021 5614302 6245130
0123456 1352604 2630541 3546210 4261035 5014362 6405123
0123456 1602543 2054361 3465120 4536012 5210634 6341205
0123456 1304265 2051634 3460512 4615023 5246301 6532140
0123456 1034265 2351604 3612540 4560312 5406123 6245031
0123456 1036542 2405163 3510624 4362015 5641230 6254301
0123456 1654023 2510634 3062541 4301265 5436102 6245310
0123456 1206543 2645130 3014265 4530612 5462301 6351024
0123456 1236540 2501634 3465012 4310265 5642301 6054123
0123456 1564302 2045631 3651024 4230165 5406213 6312540
0123456 1340265 2015634 3654021 4506312 5462103 6231540
0123456 1650324 2034165 3206541 4365012 5412603 6541230
0123456 1460532 2506143 3054621 4231065 5612304 6345210
0123456 1504362 2315604 3261540 4056123 5640231 6432015
0123456 1640235 2301564 3465102 4516023 5032641 6254310
0123456 1056324 2460135 3645210 4531062 5214603 6302541
0123456 1046235 2531604 3602541 4215063 5460312 6354120
0123456 1456023 2361504 3215640 4032165 5604312 6540231
0123456 1645230 2530614 3402165 4216503 5361042 6054321
0123456 1032564 2465130 3210645 4651023 5346201 6504312
0123456 1654320 2306514 3041265 4532601 5460132 6215043
0123456 1560342 2604513 3215604 4356021 5432160 6041235
0123456 1432560 2605143 3546201 4210635 5364012 6051324
0123456 1532640 2604315 3210564 4365102 5046231 6451023
0123456 1365042 2504163 3046215 4651320 5432601 6210534
0123456 1356024 2601543 3540261 4215630 5064312 6432105
0123456 1346205 2605314 3451620 4560132 5214063 6032541
0123456 1632540 2405613 3056124 4561302 5340261 6214035
0123456 1632504 2405631 3564012 4356120 5041263 6210345
0123456 1032645 2406513 3645201 4561032 5214360 6350124
0123456 1456320 2501643 3640215 4032561 5364102 6215034
0123456 1354620 2506134 3641205 4065312 5432061 6210543
0123456 1645203 2304165 3561042 4216530 5032614 6450321
0123456 1045263 2604135 3450621 4361502 5216340 6532014
0123456 1564032 2405361 3216504 4051623 5632140 6340215
0123456 1532604 2401365 3654120 4360512 5216043 6045231
0123456 1345260 2504631 3061542 4632015 5216304 6450123
0123456 1432065 2305614 3216540 4650321 5064132 6541203
0123456 1054623 2605134 3461502 4210365 5346210 6532041
0123456 1546230 2305641 3214065 4650123 5461302 6032514
0123456 1360542 2504613 3045261 4632105 5216034 6451320
0123456 1632045 2406531 3564102 4351620 5210364 6045213
0123456 1065342 2406135 3541260 4350621 5632014 6214503
0123456 1540263 2304615 3456120 4061532 5632041 6215304
0123456 1450623 2605341 3064512 4216035 5341260 6532104
0123456 1465032 2306541 3051624 4532160 5640213 6214305
0123456 1350624 2504361 3216045 4065132 5641203 6432510
0123456 1364502 2401635 3650124 4532061 5046213 6215340
0123456 1064532 2301645 3456021 4215360 5632104 6540213